{"columns": ["trip_distance", "fare_amount", "tip_amount", "tolls_amount", "total_amount", "passenger_count", "extra", "mta_tax", "improvement_surcharge", "_duration_min"], "matrix": [[1.0, 0.9600753437133532, 0.43713063697857973, 0.5410454150250169, 0.9511767079490958, 0.0033342027264872762, -0.05696038616897212, 0, 0, 0.7784580076776626], [0.9600753437133532, 1.0, 0.43701721116396214, 0.5050000120718048, 0.9820301634794151, 0.0033298647238415016, -0.060407396475759614, 0, 0, 0.8768394796518508], [0.43713063697857973, 0.43701721116396214, 1.0, 0.34768491398635254, 0.5799100049318037, 0.01648741550256427, -0.000919546611051738, 0, 0, 0.35980043574716253], [0.5410454150250169, 0.5050000120718048, 0.34768491398635254, 1.0, 0.587495393724148, 0.010279272122160673, -0.050188703600801354, 0, 0, 0.3740773647385282], [0.9511767079490958, 0.9820301634794151, 0.5799100049318037, 0.587495393724148, 1.0, 0.00675306922684552, -0.02616466663761818, 0, 0, 0.8508563900793863], [0.0033342027264872762, 0.0033298647238415016, 0.01648741550256427, 0.010279272122160673, 0.00675306922684552, 1.0, 0.0011142828261010674, 0, 0, 0.0034111840773462148], [-0.05696038616897212, -0.060407396475759614, -0.000919546611051738, -0.050188703600801354, -0.02616466663761818, 0.0011142828261010674, 1.0, 0, 0, -0.04615590026562297], [0, 0, 0, 0, 0, 0, 0, 0, 0, 0], [0, 0, 0, 0, 0, 0, 0, 0, 0, 0], [0.7784580076776626, 0.8768394796518508, 0.35980043574716253, 0.3740773647385282, 0.8508563900793863, 0.0034111840773462148, -0.04615590026562297, 0, 0, 1.0]], "labels": ["Trip Distance", "Fare Amount", "Tip Amount", "Tolls Amount", "Total Amount", "Passenger Count", "Extra", "Mta Tax", "Improvement Surcharge", " Duration Min"]}